,target,output,question
0,bedroom,"House
Answer: The hallway

Gather other context",What is the bathroom east of?
1,bedroom,![](./images/2016/05/,What is west of the kitchen?
2,bathroom,"Hint:
The answer is in the text.",What is north of the garden?
3,bedroom,Answer: The bathroom.,What is south of the kitchen?
4,bedroom,"Answer: The bedroom.

Question: What is the",What is east of the kitchen?
5,garden,"Answer: The hallway

Give another answer: The",What is the bathroom west of?
6,kitchen,"Answer: The kitchen



Question: What is",What is east of the bedroom?
7,bathroom,"Von Ritzau

Do you feel sleepy,",What is the garden south of?
8,kitchen,"Hint: The answer is in the previous scene.

An",What is south of the office?
9,office,"Answer: The garden.

Question: What is the",What is east of the hallway?
10,garden,"Dan looked, and saw a tall woman, of twenty-five",What is north of the office?
11,garden,"<context>
""I'm goin' in for",What is south of the kitchen?
12,bathroom,"<context>

Answer: The bathroom

<",What is east of the kitchen?
13,garden,"Vicksburg

Question: What is east of the kitchen",What is west of the kitchen?
14,garden,Answer: The garden,What is north of the bedroom?
15,garden,"Answer: The garden

Question: What is west of",What is east of the hallway?
16,hallway,"Answer: The hallway.

Question: What is the",What is east of the office?
17,office,Answer: The office.,What is south of the bathroom?
18,garden,"Answer: The garden

Give it up!",What is the bedroom north of?
19,garden,Hint: The kitchen west of the bedroom is a common expression.,What is the kitchen west of?
20,garden,"Hint:
Answer: The hallway

<context>",What is the office east of?
21,garden,Hint: The answer is in the text.,What is the bathroom south of?
22,bathroom,"Hint: It is a room in a house.

Previous",What is north of the bedroom?
23,bathroom,"Answer: The bathroom

Question: What is the bathroom",What is the bedroom south of?
24,hallway,"Hope you can help me out.

Answer:",What is the bedroom west of?
25,office,"Answer: The kitchen.

Give me a context",What is east of the bathroom?
26,office,Villebecque in their adversity broke to La Petite,What is north of the bedroom?
27,hallway,"Answer: The hallway.

Give it a try",What is west of the bathroom?
28,garden,"Answer: The office

Give details on the context in",What is the bathroom north of?
29,garden,Humans: The garden is north of the office.,What is north of the office?
30,bedroom,"Answer: The bedroom.

Question: What is the",What is east of the kitchen?
31,kitchen,"Answer: The kitchen

Question: What is the kitchen",What is the bathroom east of?
32,bathroom,![](https://i.stack.imgur.com/6,What is north of the garden?
33,kitchen,Hint: The bedroom west of is a part of the American Museum,What is the bedroom west of?
34,bedroom,"Answer: The hallway

Question: What is the bark",What is the kitchen south of?
35,garden,"David's mother

Give your answer in the options",What is the bathroom east of?
36,office,David: I'm not sure what the answer is. Can,What is south of the hallway?
37,bedroom,Answer: The bedroom,What is north of the bathroom?
38,bedroom,"Answer: The office

Give it up! If",What is the bathroom east of?
39,office,"Answer: The office

Question: What is the name",What is north of the bedroom?
40,bathroom,"Answer: The bathroom

Question: What is south of",What is south of the kitchen?
41,bedroom,"Answer: The bedroom

Question: What is west of",What is west of the office?
42,kitchen,Hint: The garden south of the kitchen is north of the bedroom,What is the garden south of?
43,garden,"Answer: The garden.

Inside Context: """,What is south of the bedroom?
44,garden,"Answer: The sick-bay.

Question:",What is the office south of?
45,hallway,Answer: The office east of is the office of the sur,What is the office east of?
46,garden,Answer: The bedroom.,What is south of the office?
47,garden,"Answer: The bathroom.

Give your answer in",What is west of the bedroom?
48,garden,Horace Wendover: The garden is east of the hallway.,What is east of the hallway?
49,garden,"Answer: The office south of is the office.

G",What is the office south of?
50,bedroom,"Hinw: the garden
Option: the river

<",What is the hallway north of?
51,garden,Answer: The garden.,What is north of the bathroom?
52,hallway,"Hint: The bedroom is north of the garden.

Previous",What is the bedroom north of?
53,bathroom,Answer: The bathroom.,What is east of the garden?
54,bathroom,Answer: Bathroom,What is west of the bedroom?
55,garden,"!A: The garden

Context:
‘I went round",What is east of the hallway?
56,hallway,Elsie has the usual moan over a defective memory,What is the bedroom east of?
57,kitchen,"Answer: The kitchen

Question: What is the name",What is west of the hallway?
58,hallway,Hint: The answer is in the last paragraph.,What is south of the bedroom?
59,kitchen,"Answer: The kitchen

Question: What is the meaning",What is the garden north of?
60,hallway,"Answer: The bathroom

Question: What is the name",What is the bedroom north of?
61,bedroom,Hint: The hallway is south of the bedroom.,What is south of the hallway?
62,kitchen,"!
Answer: The kitchen

Give 'em an",What is the hallway north of?
63,hallway,"Answer: The hallway.

Question: What is west",What is west of the bedroom?
64,bedroom,"Answer: The office.

Question: What is the",What is east of the garden?
65,office,Hint: The bedroom is north of the garden.,What is the bedroom north of?
66,bathroom,Answer: The bedroom north of is the bathroom.,What is the bedroom north of?
67,office,"Question detail: The garden south of the bedroom.

An",What is the garden south of?
68,kitchen,"Answer: The garden

Question: What is the meaning",What is the bathroom west of?
69,garden,"Answer: The bathroom

Keywords: hallway, east",What is the hallway east of?
70,bathroom,"Answer: The bathroom.

Question: What is the",What is south of the bedroom?
71,kitchen,Answer: The garden south of the office is the garden of the,What is the garden south of?
72,garden,"Answer: The garden

Keywords: south, bedroom",What is the bedroom south of?
73,bathroom,"Answer: The hallway

Question: What is the meaning",What is north of the office?
74,bathroom,Jimmie arose and softly approached the _Louise_.,What is the hallway north of?
75,bedroom,"Havens said as he slowed down, “if we find",What is south of the hallway?
76,bedroom,"!Bathroom

Context: The bedroom is west of the",What is the hallway east of?
77,bathroom,Answer: The bathroom.,What is north of the office?
78,kitchen,"!
Answer: The bathroom.


Question: What",What is east of the garden?
79,hallway,"Answer: The hallway

Question: What is the hallway",What is the kitchen south of?
80,garden,Hint: The garden is west of the office.,What is west of the office?
81,office,"Hint: The bedroom is west of the hallway.

Question",What is the bedroom west of?
82,kitchen,"Hint: The answer is in the last paragraph.

An",What is the hallway south of?
83,garden,Miss Catherwaight's collection of orders and decorations,What is the office west of?
84,bathroom,Answer: The bathroom.,What is north of the hallway?
85,office,"Answer: The office.

Question: How does the",What is west of the garden?
86,office,"<context>

Answer: The office

<",What is west of the garden?
87,garden,Question: What is the word that Jack uses to describe the jan,What is east of the bathroom?
88,bathroom,"HumorRUMOUR
Explanation: The",What is north of the office?
89,kitchen,"Answer: the kitchen

Give Kudos to",What is the bedroom west of?
90,office,"Answer: The office

Give me a list of",What is the bathroom south of?
91,office,"Answer: The kitchen

Question: What is the meaning",What is east of the bedroom?
92,bedroom,"Hint: It is a room.


<context>",What is south of the office?
93,bathroom,"Hint: The garden west of is the kitchen.

<",What is the garden west of?
94,garden,"Answer: The hallway

Question: What is the conclusion",What is the bedroom west of?
95,hallway,Answer: The hallway.,What is north of the garden?
96,bedroom,"Answer: The bathroom.

Give it a try",What is the kitchen west of?
97,kitchen,"Answer: The kitchen

Correct answer:",What is west of the bedroom?
98,bathroom,"Answer: The bathroom

Question: What is the bathroom",What is the kitchen north of?
99,garden,Answer: The office north of is the bedroom.,What is the office north of?
100,bedroom,"<context>
The bedroom is west of the garden. I",What is east of the hallway?
101,kitchen,Hai-yai-kai-yai,What is south of the hallway?
102,bedroom,"Answer: the bedroom

Give me a list of",What is the office west of?
103,bathroom,Answer: The bathroom,What is the kitchen north of?
104,hallway,"House

Answer: Kitchen

Gold Document ID",What is west of the bedroom?
105,bedroom,Hint: The answer is in the context.,What is west of the kitchen?
106,office,Answer: The hallway,What is the kitchen south of?
107,bathroom,Answer: The bathroom.,What is west of the garden?
108,bedroom,"Answer: The bedroom

Question: What is the hallway",What is the bathroom south of?
109,bathroom,"Answer: The garden

Question: What is the bathroom",What is the kitchen west of?
110,garden,"Hallway
Answer: The bathroom

Garden",What is the hallway west of?
111,hallway,Hemans: The kitchen is south of the bathroom.,What is the kitchen south of?
112,office,Hint: The bedroom is north of the bathroom.,What is south of the bathroom?
113,hallway,Answer: The office west of the office is the office west,What is the office west of?
114,bedroom,Answer: The garden,What is the kitchen north of?
115,office,Hint: The garden east of is the garden east of .,What is the garden east of?
116,bedroom,Hint: The hallway south of is north of the hallway.,What is the hallway south of?
117,bedroom,Answer: The garden west of the hallway.,What is the garden west of?
118,hallway,Answer: The hallway.,What is north of the office?
119,office,Answer: The kitchen,What is west of the hallway?
120,bedroom,"Answer: The bedroom.

Question: What is the",What is the bathroom north of?
121,kitchen,"!A. The kitchen
!B. The bedroom
!C",What is the hallway north of?
122,office,"Hint:
- The office is east of the bathroom.",What is east of the bathroom?
123,bathroom,Hint: The bathroom is north of the hallway.,What is north of the hallway?
124,bathroom,"Hope: The hallway is north of the bedroom.

<",What is the bedroom north of?
125,kitchen,Answer: The kitchen.,What is west of the garden?
126,bathroom,"Hint:
The answer is a place.",What is north of the kitchen?
127,hallway,Hint: The answer is in the text.,What is the bedroom east of?
128,garden,![](https://i.imgur.com/202,What is the bedroom south of?
129,hallway,Jack Kirke is a stranger who has come to Glengarry,What is east of the bathroom?
130,garden,Answer: The bedroom is east of the hallway.,What is the bedroom east of?
131,kitchen,Answer: The kitchen.,What is south of the bathroom?
132,kitchen,"Answer: The kitchen

Give it a try:",What is east of the garden?
133,bathroom,"Answer: The bathroom

Give me a list of",What is the hallway east of?
134,office,"!A. The office
!B. The bedroom
!C",What is the hallway east of?
135,kitchen,Hint: The garden is east of the kitchen. We wasted half,What is the garden east of?
136,bathroom,"Hint:

    The bathroom is north of the bedroom.",What is the bedroom south of?
137,hallway,"Jimmy's Morning

Context:

J",What is the garden east of?
138,kitchen,"Answer: The kitchen

Question: What is the significance",What is south of the hallway?
139,hallway,"Answer: The hallway

Question: What is west of",What is west of the kitchen?
140,kitchen,"Answer: The bathroom.

Question: What is the",What is north of the garden?
141,office,"Answer: The bathroom

Question: What is the bathroom",What is the kitchen west of?
142,bathroom,"Answer: The bathroom

Keywords: kitchen, north",What is the kitchen north of?
143,bathroom,Hint: The answer is in the Bible.,What is east of the kitchen?
144,bathroom,"Answer: The bathroom.

Question: What is west",What is east of the garden?
145,kitchen,"Answer: The office south of the garden.

Question",What is the office south of?
146,hallway,"Answer: The hallway

Question: What is the hallway",What is the kitchen north of?
147,hallway,"Answer: The kitchen

Question: What is the hallway",What is the bedroom west of?
148,bathroom,Answer: The office west of is the bathroom.,What is the office west of?
149,hallway,Hint: The office south of is the office north of .,What is the office south of?
150,bathroom,"Answer: The garden

Breakdown: The answer is",What is north of the hallway?
151,garden,Hint: The bathroom is east of the bathroom.,What is the bathroom east of?
152,kitchen,"Answer: The kitchen

Question: What is the kitchen",What is the bathroom east of?
153,hallway,"Answer: The hallway

Question: What is the office",What is south of the kitchen?
154,hallway,Stephen's opinion of Judge Whipple altered very mater,What is south of the office?
155,garden,"Answer: The dining room

Question: What is the",What is the bedroom west of?
156,office,"Answer: The bathroom.

Give me a break",What is south of the bedroom?
157,bathroom,"Question: What is north of the bathroom?

Question:",What is north of the garden?
158,garden,"Answer: The office

Question: What is the name",What is the bedroom east of?
159,bedroom,"Answer: The bathroom.

Question: What is north",What is south of the kitchen?
160,hallway,Answer: The office is south of the bedroom.,What is the office south of?
161,bathroom,"Answer: The bathroom

View the full context",What is north of the garden?
162,hallway,Answer: The garden.,What is east of the bathroom?
163,hallway,"Answer: The office east of is the office.

G",What is the office east of?
164,bathroom,Hint: The office west of is in New York City.,What is the office west of?
165,kitchen,Hint: The hallway is west of the bedroom.,What is west of the bedroom?
166,office,Hint: The system here shewn is the use of the Rock,What is north of the hallway?
167,garden,Hint: The office north of the office is the bathroom.,What is the office north of?
168,kitchen,Answer: The kitchen,What is west of the hallway?
169,bedroom,"Answer: The hallway

Question: What is the hallway",What is the garden south of?
170,hallway,"Answer: the hallway

Question: What is the hallway",What is the bedroom north of?
171,bathroom,"Answer: The bedroom

Question: What is the hallway",What is the hallway west of?
172,kitchen,Answer: The kitchen.,What is north of the garden?
173,hallway,"Hint: The bathroom is south of the garden.

An",What is the bathroom north of?
174,bathroom,"Answer: The bathroom.

Give me a break",What is south of the office?
175,office,"Hint: The answer is in the text.

Answer",What is east of the bathroom?
176,hallway,"Answer: The garden

Question: What is the meaning",What is the bedroom west of?
177,hallway,"Answer: The kitchen

Breakdown: The office south",What is the office south of?
178,kitchen,"Answer: The bathroom.

Breakdown: The bathroom",What is south of the office?
179,bathroom,"Answer: The office.

Question: What is the",What is the garden south of?
180,hallway,Hint: The bedroom is north of the bathroom.,What is the bedroom north of?
181,bathroom,"Hint: The hallway is a passageway.

Previous question",What is east of the hallway?
182,bedroom,Answer: The bedroom,What is the hallway west of?
183,bathroom,Answer: The bathroom,What is south of the garden?
184,bedroom,"Answer: the garden

Question: What is the first",What is the office west of?
185,bathroom,"Hint: The bathroom is west of the bedroom.

An",What is west of the bedroom?
186,garden,Hint: The office west of is a place where people work.,What is the office west of?
187,garden,"Hint:

Answer: The garden",What is south of the bedroom?
188,kitchen,"Hint:

    The garden is south of the kitchen.",What is south of the office?
189,hallway,Hint: The bathroom is in the house.,What is east of the bathroom?
190,bathroom,"!Bathroom

Question: What is the bathroom west of",What is the kitchen east of?
191,bathroom,Answer: The office east of is the bedroom.,What is the office east of?
192,bedroom,"Answer: The bedroom

Question: What is the office",What is the office south of?
193,office,"Answer: The station

Question: What is the significance",What is the kitchen south of?
194,bedroom,Question: What is the name of Ruby's mother?,What is east of the garden?
195,office,"Haven't found the answer?
Try to search first",What is east of the bathroom?
196,kitchen,"Question: What is south of the hallway?

Question:",What is north of the hallway?
197,office,"Answer: The bedroom

Question: What is the office",What is the kitchen south of?
198,garden,Answer: The garden.,What is south of the hallway?
199,kitchen,Answer and Comment: The bathroom south of the office is the,What is the bathroom south of?
200,bedroom,"Given answer: The garden
Choice A: The bedroom
Choice",What is the hallway south of?
201,hallway,"Hint: The answer is in the context.

Answer",What is east of the garden?
202,office,"Answer: The hallway

Category: The Government of the",What is the bathroom north of?
203,kitchen,"Answer: The kitchen

Keywords: kitchen, hallway",What is west of the hallway?
204,office,"Answer: The garden

Question: What is the garden",What is the bathroom east of?
205,garden,"<context-1>

Answer: The bedroom east",What is the bedroom east of?
206,garden,Answer: The Devil's Frying-pan,What is the office north of?
207,garden,"Answer: The garden

Give me a context for",What is the office north of?
208,garden,"Answer: The garden

Category: Literature",What is south of the office?
209,bathroom,"Hint:
The answer is a place.

Answer",What is south of the kitchen?
210,office,Answer: The office.,What is south of the bedroom?
211,kitchen,Answer: The kitchen is east of the office.,What is the office east of?
212,office,"Answer: The kitchen.

Question: What is the",What is west of the bedroom?
213,hallway,Answer: The bathroom is south of the bedroom.,What is the bedroom south of?
214,hallway,Answer: The hallway.,What is the kitchen south of?
215,bedroom,"Answer: The bedroom

Give it a try:",What is west of the hallway?
216,bedroom,"Answer: The bedroom.

Category: Literature",What is west of the office?
217,hallway,"Humans:
Answer: The hallway

G",What is east of the bathroom?
218,office,"!
Answer: The bathroom

Question: What is the",What is the garden south of?
219,hallway,"Answer: The hallway.

Question: What is the",What is east of the office?
220,office,Answer: The office.,What is south of the bedroom?
221,kitchen,Answer: The hallway.,What is west of the bedroom?
222,kitchen,"Answer: The kitchen.

Question: What is west",What is west of the garden?
223,bedroom,"Harry
Answer: The bedroom

Give me",What is the bathroom west of?
224,kitchen,Harry was not satisfied with himself; he had permitted his temper,What is the office west of?
225,hallway,"Answer: The kitchen

Question: What is the hallway",What is the garden east of?
226,hallway,Answer: The hallway.,What is north of the kitchen?
227,kitchen,"Hint:
The answer is:
The bedroom.",What is the garden north of?
228,hallway,"Hint: The answer is in the paragraph above.

An",What is the garden north of?
229,kitchen,Hint: The bathroom is east of the bedroom.,What is west of the bedroom?
230,garden,Answer: The bedroom,What is north of the hallway?
231,garden,"<context-1>

Answer: The garden",What is the hallway west of?
232,hallway,Answer: The hallway.,What is the bathroom east of?
233,bedroom,"Answer: The bedroom

Give it up! What is",What is the kitchen south of?
234,bathroom,"Answer: The bathroom.

Question: What is the",What is the office west of?
235,kitchen,"Hint:
Answer: The bathroom",What is east of the bedroom?
236,office,"Hint: It is a musical instrument.

Answer:",What is east of the bedroom?
237,bathroom,Hint: The bathroom is east of the kitchen.,What is east of the kitchen?
238,bedroom,"Answer: The bedroom

Question: What is the best",What is west of the kitchen?
239,office,"!A
The kitchen is north of the office.

G",What is the kitchen north of?
240,garden,"Hint:
Answer: The garden.",What is north of the bedroom?
241,bathroom,Answer: The bathroom.,What is east of the kitchen?
242,office,"Answer: The bathroom.

Question: What is the",What is north of the garden?
243,bedroom,"Hallway is ...
Click here to finish the question!",What is the hallway south of?
244,office,"Answer: The bathroom.

Question: What is the",What is the kitchen west of?
245,garden,Answer: The garden.,What is south of the bedroom?
246,garden,Answer: The bathroom.,What is west of the office?
247,kitchen,"Answer: The kitchen

Question: What is the hallway",What is the garden north of?
248,office,![](https://i.stack.imgur.com/6,What is west of the kitchen?
249,bedroom,"Horace took a long
walk before he finally turned his steps",What is the hallway west of?
250,office,"<choices>
a. The bedroom
b. The",What is south of the bathroom?
251,kitchen,"Answer: The kitchen

Incorrect but acceptable answers:",What is west of the bedroom?
252,office,"Answer: The office

Question: What is the meaning",What is the hallway north of?
253,bedroom,Answer: The bedroom.,What is east of the hallway?
254,office,"Answer: The kitchen.

Question: What is the",What is south of the bathroom?
255,hallway,Answer: The hallway,What is the bedroom north of?
256,bathroom,Hint: The garden is east of the hallway. Therefore white being,What is the garden east of?
257,kitchen,,What is the bathroom north of?
258,kitchen,"Answer: The kitchen.

Give 'em Hell Harry",What is west of the bedroom?
259,garden,![](https://i.imgur.com/201,What is the hallway east of?
260,kitchen,"Answer: The kitchen

Question: What is the honor",What is south of the garden?
261,hallway,Answer: The hallway,What is the bedroom east of?
262,garden,"Answer: The garden.

Question: What is east",What is west of the office?
263,office,Hint: The bedroom is south of the kitchen.,What is north of the kitchen?
264,garden,Answer: The garden is south of the office. The bathroom,What is the office north of?
265,kitchen,"!Botany

Context:
Their presence in the gardens",What is north of the office?
266,garden,"Answer: The garden.

Question: What is the",What is south of the bedroom?
267,hallway,"Question: What is the kitchen north of?

Question:",What is the garden north of?
268,garden,"Answer: The kitchen

Question: What is the kitchen",What is the bedroom east of?
269,bedroom,![](https://i.imgur.com/106,What is west of the hallway?
270,bathroom,Hint: The hallway is east of the bedroom.,What is east of the hallway?
271,kitchen,Hint: The bedroom is south of the garden.,What is the bedroom south of?
272,hallway,"Answer: The hallway

Question: What is west of",What is east of the garden?
273,kitchen,Answer: The kitchen is south of the hallway.,What is the hallway south of?
274,office,"Answer: The office

Question: What is the name",What is the bathroom east of?
275,bedroom,Question: What is the name of the woman who is first waiting,What is the garden south of?
276,bathroom,"!
Answer: The bathroom


Question: What is",What is the kitchen west of?
277,bathroom,Hint: The bathroom is east of the garden.,What is east of the garden?
278,bedroom,"Hall, writing to her sister Mary,
February",What is south of the bathroom?
279,office,"Answer: The kitchen

Keywords: bedroom, west",What is the bedroom west of?
280,hallway,Answer: The kitchen.,What is north of the garden?
281,hallway,"Answer: The hallway.

Give up?",What is west of the office?
282,hallway,"Answer: The hallway

Category: Literature",What is east of the bathroom?
283,kitchen,"Answer: The kitchen

Question: What is the answer",What is west of the bedroom?
284,garden,Answer: The garden.,What is north of the office?
285,garden,"Answer: The garden

Question: What is the meaning",What is the hallway south of?
286,hallway,"Hint: The garden is east of the bedroom.

An",What is the garden east of?
287,bathroom,"Answer: The bathroom.

Give me a context",What is east of the bedroom?
288,garden,"Answer: The garden is east of the office.
Long Answer",What is east of the office?
289,office,"Hint: The garden is east of the hallway.

Previous",What is the garden west of?
290,garden,"Answer: The garden.

Give me a list",What is east of the bathroom?
291,garden,"Answer: The kitchen

Give me a hint:",What is the bedroom west of?
292,garden,Answer: The hallway.,What is west of the kitchen?
293,office,Answer: The kitchen.,What is west of the bathroom?
294,bathroom,"Answer: The bathroom.

Question: What is the",What is south of the bedroom?
295,bathroom,Answer: The bathroom,What is south of the bedroom?
296,bathroom,Hinh: The bathroom is north of the kitchen. Gough,What is the kitchen south of?
297,office,Answer: The bedroom.,What is east of the kitchen?
298,hallway,Answer: The garden.,What is north of the kitchen?
299,kitchen,"Answer: The kitchen

Question: What is the kitchen",What is the bathroom east of?
300,hallway,"<context-answer>

The hallway

</context",What is west of the bathroom?
301,office,"Answer: The bathroom.

Question: What is the",What is south of the hallway?
302,bathroom,"Answer: The kitchen

Question: What is the bathroom",What is the hallway west of?
303,bedroom,"!
Answer: The bedroom


Question: What is",What is east of the bathroom?
304,garden,Answer: The office south of is the bathroom.,What is the office south of?
305,bedroom,"Answer: The bedroom

Question: What is west of",What is east of the office?
306,bedroom,"<answer>

The bedroom

</answer>",What is north of the hallway?
307,garden,Answer: The office east of is the garden.,What is the office east of?
308,kitchen,"Hallway
Explanation: The hallway west of the",What is the hallway west of?
309,garden,![](https://i.imgur.com/100,What is west of the bathroom?
310,garden,Answer: The garden is west of the kitchen.,What is the kitchen west of?
311,bedroom,"!House

Question: What is the office west of?",What is the office west of?
312,bathroom,"Answer: The bathroom

Give your answer here:",What is east of the garden?
313,bathroom,"Answer: The bathroom.

Question: What is west",What is east of the kitchen?
314,kitchen,"<context>

The kitchen is south of the garden.",What is the garden north of?
315,kitchen,"Answer: The kitchen

Question: What is east of the",What is west of the hallway?
316,office,"Answer: The office.

Category: Old Mortality",What is east of the garden?
317,office,"Daniel
Answer: The counting-room",What is the hallway west of?
318,bedroom,"Dan's Answer
Option 1)
Option 2",What is east of the garden?
319,hallway,"Question: What is the hallway east of?

Question:",What is the garden east of?
320,bedroom,"Answer: the bedroom

Question: What is the office",What is the office west of?
321,hallway,"Answer: the office

Give me a break!",What is the bathroom west of?
322,bathroom,"Answer: The bathroom

Question: What is the custom",What is the bedroom north of?
323,garden,"Answer: The garden

Question: What is the meaning",What is the bedroom east of?
324,bathroom,"Answer: The bedroom

Question: What is the bedroom",What is the garden west of?
325,hallway,"Answer: The hallway

Question: What is the weather",What is south of the garden?
326,hallway,"Answer: The bedroom.

Question: What is the",What is south of the office?
327,kitchen,"Question: What is the garden west of?

Question:",What is the garden east of?
328,bathroom,Question: What is the garden west of the house?,What is the garden west of?
329,office,"Answer: The office

Give me a clue:",What is the bathroom west of?
330,hallway,"Hint: The answer is in the context.

Answer",What is west of the garden?
331,bathroom,"Hint:
The answer is a place.

Question:",What is south of the hallway?
332,hallway,"Answer: The bathroom

### Explore more questions",What is the bedroom east of?
333,kitchen,"Answer: the kitchen

Question: What is the kitchen",What is the bedroom south of?
334,kitchen,Hint: The garden south of is a metaphor for the garden,What is the garden south of?
335,bathroom,Answer: The bathroom.,What is west of the office?
336,garden,Answer: The garden,What is south of the bathroom?
337,bathroom,"Hint:
Answer: bathroom",What is west of the garden?
338,bathroom,Answer: The bathroom,What is north of the office?
339,garden,Answer: The garden,What is east of the office?
340,bathroom,"Answer: The bathroom

Question: What is the reason",What is west of the kitchen?
341,office,"Hopefully you will find the answer below.

###",What is the garden south of?
342,hallway,"Nash, who was alone in the office, looked up from",What is west of the bedroom?
343,bedroom,"<context-answer>

The bathroom

</context",What is south of the hallway?
344,garden,"Answer: The garden


Question: What is the",What is the hallway east of?
345,hallway,"Answer: The hallway

Give the next line,",What is north of the kitchen?
346,garden,"Answer: The garden

Question: What is west of",What is west of the office?
347,bathroom,"Question: What is the office west of?

Question:",What is the office west of?
348,bathroom,"Hope
Answer: The garden is north of the office",What is the garden north of?
349,garden,"Hopefully, someone can help me out.

An",What is the office south of?
350,garden,"Hilary's

Question: What is the garden",What is the hallway north of?
351,hallway,"Answer: The office.

Question: What is the",What is the kitchen west of?
352,bathroom,Answer: The bathroom,What is north of the hallway?
353,bedroom,"# Answer: The bedroom

This answer is:",What is the kitchen north of?
354,bathroom,"!
Answer: The office

Give it up!",What is the kitchen south of?
355,bedroom,Haven't found the answer to your question? Ask us,What is north of the office?
356,hallway,"Hint: The hallway is east of the bathroom.

An",What is east of the bathroom?
357,kitchen,Answer: The kitchen.,What is south of the hallway?
358,hallway,"Answer: The hallway.

Question: What is west",What is west of the office?
359,bedroom,"Answer: The kitchen

Question: What is the meaning",What is the office north of?
360,kitchen,Hint: The garden is north of the office.,What is north of the garden?
361,hallway,"Answer: The garden east of the bathroom.

Question",What is the garden east of?
362,bathroom,"Answer: The hallway

Question: What is the hallway",What is the kitchen west of?
363,garden,Answer: The hallway east of the nunnery.,What is the hallway east of?
364,bedroom,Answer: The bedroom.,What is south of the office?
365,bathroom,Answer: The office west of the bathroom is the office.,What is the office west of?
366,hallway,"Answer: The hallway.

Question: What is west",What is east of the bedroom?
367,garden,"Hallucinations and sudden loss of consciousness, aphasia",What is west of the bedroom?
368,kitchen,Answer: The kitchen,What is the bathroom west of?
369,bathroom,"Answer: The bathroom

Question: What is north of",What is north of the bedroom?
370,bathroom,Hint: The answer is in the text.,What is the garden south of?
371,bathroom,,What is the hallway west of?
372,office,"Answer: The office

Give your answer here:",What is the hallway east of?
373,office,"Answer: The hallway

Keywords: east, kitchen",What is east of the kitchen?
374,bathroom,"Answer: The bathroom

Question: What is the front",What is north of the kitchen?
375,office,Answer: The hallway.,What is west of the bathroom?
376,kitchen,Answer: The office west of is the kitchen.,What is the office west of?
377,garden,"Answer: The garden

Question: What was the name",What is south of the bedroom?
378,garden,Answer: The garden.,What is north of the kitchen?
379,office,"Eileen Macarthy

Answer: The garden",What is the bedroom south of?
380,kitchen,"Hint: The office north of the forest

Answer:",What is the office north of?
381,hallway,"Answer: The office

Question: What is the bedroom",What is the bedroom west of?
382,bathroom,"Answer: The kitchen

Question: What is the distance",What is west of the office?
383,bedroom,"!Aghmat
Answer: What is the garden south of",What is the garden south of?
384,office,"Answer: The bedroom.

Question: What is the",What is north of the bathroom?
385,bedroom,![](./images/2016/02/,What is east of the garden?
386,bathroom,"Answer: The bathroom

Question: What is the bathroom",What is the kitchen east of?
387,bedroom,"Answer: The bedroom


Question: What is the",What is the garden south of?
388,bedroom,"Question: What is the office south of?

Question:",What is the office south of?
389,hallway,"Answer: The garden

Question: What is north of",What is south of the bedroom?
390,kitchen,Hint: The hallway north of is a poor living-room.,What is the hallway north of?
391,bathroom,"Answer: The bathroom.

Question: What is the Anna",What is north of the garden?
392,kitchen,"Answer: The kitchen.

Question: What is the",What is west of the garden?
393,garden,"Answer: The bedroom

Question: What is the name",What is south of the hallway?
394,bedroom,Answer: The bathroom is east of the office.,What is the office east of?
395,bathroom,"Answer: The garden south of is the
garden of",What is the garden south of?
396,bedroom,"Answer: the garden

Question: What is the office",What is the office west of?
397,bedroom,Answer: The bedroom.,What is west of the bathroom?
398,kitchen,"Answer: The kitchen

Give it a try with",What is west of the office?
399,hallway,Answer: The hallway.,What is north of the garden?
400,office,![](./images/2016/02/,What is south of the bathroom?
401,garden,Answer: The garden.,What is west of the office?
402,hallway,"Answer: The hallway

Question: What is the hallway",What is the bedroom east of?
403,bathroom,"!bathroom
Answer: office
Feedback: The",What is the office west of?
404,bedroom,Hint: The bathroom is south of the garden.,What is north of the garden?
405,hallway,"!
Answer: The hallway

Question: What is the",What is the bedroom north of?
406,bathroom,"Hint: The hallway is west of the office.

An",What is west of the hallway?
407,bedroom,![](./images/2016/01/,What is the bathroom east of?
408,bedroom,"Answer: the kitchen

Question: What is the office west",What is the office east of?
409,garden,"Answer: The bedroom.

Submitted: 2",What is south of the bathroom?
410,bathroom,Answer: The bathroom.,What is north of the office?
411,hallway,"Answer: The hallway.

Question: What is the",What is north of the kitchen?
412,office,"Answer: The office

Question: What is the kitchen",What is the bathroom south of?
413,bathroom,"Answer: The bathroom

Question: What is the bathroom",What is the bedroom north of?
414,kitchen,"Humans - Or - Animals:
Options:",What is the bathroom west of?
415,garden,"Answer: The office

Question: What is the garden",What is the hallway north of?
416,hallway,"Hint: The garden is north of the bathroom.

An",What is south of the bathroom?
417,bathroom,"Gilly

Answer: The office",What is the hallway north of?
418,hallway,Answer: The hallway is south of the bathroom.,What is the office south of?
419,office,"# Context

- answer to ""What is the hallway east",What is the hallway east of?
420,kitchen,"Hamlet

Question: What is east of the bathroom",What is east of the bathroom?
421,hallway,"Hilary was ""making"" a picture now, she had",What is north of the office?
422,kitchen,"Answer: The office

Question: What is the bedroom",What is the bedroom west of?
423,office,"Valjevo
Options:

Kragujevatz",What is the garden west of?
424,garden,"Answer: The garden

Question: What is the answer",What is the kitchen east of?
425,office,"Answer: The bathroom

Got: The bedroom south of",What is the bedroom south of?
426,bathroom,"Answer: The bathroom.

Give it a try!",What is the hallway south of?
427,office,Answer: The toilet.,What is north of the bathroom?
428,hallway,Hint: The garden north of the hallway is south of the kitchen,What is the garden north of?
429,bedroom,Answer: The garden,What is the kitchen east of?
430,kitchen,"Answer: The hallway.

Question: What is west",What is east of the bedroom?
431,bedroom,"Answer: The bedroom.

Question: What is the",What is south of the bathroom?
432,kitchen,"Hallway

Got: The hallway south of the",What is the hallway south of?
433,kitchen,"Answer: The kitchen

Question: What is the assistant",What is west of the office?
434,garden,"Answer: The garden

Question: What is the name",What is north of the kitchen?
435,bathroom,"Answer: The garden

Give it a try!",What is the bedroom south of?
436,garden,"Dan went up stairs at once, considerably perplexed in mind",What is west of the kitchen?
437,bathroom,"Answer: The bathroom

Give your answer here:",What is the bedroom east of?
438,bedroom,"Answer: The bedroom

Question: What is the kitchen",What is the bathroom west of?
439,garden,"Hint: The office south of the garden.

Answer",What is the office south of?
440,bathroom,"Answer: The bedroom.

Give it up if you",What is the kitchen east of?
441,kitchen,Answer: The kitchen is east of the hallway.,What is the hallway east of?
442,bedroom,"<answer>

The bedroom is south of the office.",What is south of the office?
443,bedroom,"<context>
The garden south of the house was a beautiful",What is the garden south of?
444,bathroom,"Answer: The bathroom

Question: What is the name",What is south of the office?
445,bedroom,"Answer: The hallway.

Question: What is the",What is east of the bathroom?
446,office,Answer: The office is east of the kitchen.,What is the kitchen east of?
447,bathroom,"Harry
tilted the tray on one side, and Char",What is the kitchen south of?
448,garden,"Answer: The garden

Question: What is the answer",What is west of the hallway?
449,garden,"Answer: The bedroom

### Related MKS",What is the bathroom south of?
450,hallway,"Answer: The hallway.

Question: What is south",What is north of the office?
451,hallway,"Norcross, who was waiting on the table, put in",What is south of the bathroom?
452,office,Answer: The office.,What is south of the bedroom?
453,garden,Answer: The garden.,What is east of the hallway?
454,bedroom,"Answer: The bedroom

Give a man a fish and",What is the office south of?
455,kitchen,Hint: It is a place where people can be held for just,What is west of the hallway?
456,kitchen,Answer: The kitchen,What is south of the garden?
457,bedroom,Answer: The bedroom.,What is east of the hallway?
458,bedroom,"Answer: The bedroom.

Give me a context",What is south of the kitchen?
459,kitchen,"Answer: The kitchen

Question: What is the kitchen",What is the hallway west of?
460,bedroom,"Answer: The bedroom.

Question: What is east",What is west of the hallway?
461,kitchen,"Answer: The bathroom

Question: What is the kitchen",What is the garden west of?
462,hallway,"Answer: The hallway

Question: What is the next",What is east of the bathroom?
463,office,"Answer: The kitchen

Question: What is the name",What is west of the garden?
464,garden,Hint: The bathroom is a place where you go to relieve,What is west of the bathroom?
465,office,Hint: The garden north of is the garden south of .,What is the garden north of?
466,garden,Answer: The bathroom.,What is west of the office?
467,office,"Answer: The office

Question: What is the name",What is the bedroom east of?
468,kitchen,"Answer: The kitchen.

Question: What is the",What is south of the bedroom?
469,hallway,"Context: ""With a baby on my lap and the wash lady",What is the bathroom north of?
470,bedroom,"Answer: The bedroom.

""I wonder if Baby",What is west of the kitchen?
471,office,Answer: The hallway.,What is west of the garden?
472,bathroom,"Answer: The bathroom

Question: What is the name",What is east of the hallway?
473,bathroom,"!
Answer: The bathroom


Question: What is",What is the garden west of?
474,bedroom,Havens opened the door and called out to Redfern,What is east of the office?
475,hallway,Hint: The answer is in the text.,What is the office west of?
476,bathroom,"Hint:
The answer is: The kitchen.

<",What is the bedroom south of?
477,kitchen,Answer: The kitchen.,What is west of the bathroom?
478,office,![](https://i.stack.imgur.com/6,What is the garden north of?
479,kitchen,"Hint:
</hint>",What is north of the garden?
480,bedroom,"Answer: The bedroom.

Question: What is the",What is west of the kitchen?
481,bathroom,"Answer: The bathroom.

Category: The Lizard",What is south of the hallway?
482,hallway,Hint: It is a room.,What is north of the kitchen?
483,garden,"Answer: The garden

Question: What is the root",What is north of the office?
484,bedroom,"! The bedroom is west of the kitchen.

Context:",What is the kitchen east of?
485,garden,"Answer: The bedroom

Question: What is the next",What is east of the hallway?
486,bedroom,"Hamlet
Context: I have heard of your paintings,",What is south of the hallway?
487,hallway,"Hinckley: The hallway

<context>",What is east of the kitchen?
488,bathroom,Huge thanks to @sarah_c for this one,What is the office south of?
489,hallway,"!
Answer: The bathroom

Question: What is the",What is the bedroom south of?
490,hallway,"House:

<context>

The hallway is",What is north of the bathroom?
491,garden,"<context>

 81. Obelisk of",What is east of the bathroom?
492,garden,"Answer: The hallway.

Question: What is north",What is south of the kitchen?
493,office,"<context>
The Parthenon, Athens",What is south of the garden?
494,bedroom,"Answer: The bedroom

Question: What is the office west",What is the office west of?
495,hallway,"Hint:
```

Answer:
```",What is north of the bedroom?
496,office,"Answer: The office

Question: What is the price",What is north of the bedroom?
497,bedroom,"!Answer: The bedroom

<context>

Question",What is the office north of?
498,kitchen,Answer: The office is east of the garden.,What is the office east of?
499,hallway,"Answer: The bedroom

<context>
The Bo",What is the bathroom south of?
500,garden,"Answer: The bedroom.

Question: What is the",What is east of the hallway?
501,office,Answer: The hallway.,What is east of the kitchen?
502,bedroom,"Jennie Gerhardt

<context>",What is north of the garden?
503,hallway,"<context:
The hallway is west of the bedroom. She",What is the bathroom east of?
504,bedroom,"Stephen

Question: What is the hallway east of?",What is the hallway west of?
505,garden,"Answer: The garden.

Question: What is east",What is west of the bathroom?
506,bedroom,"Answer: The garden

Question: What is south of",What is north of the office?
507,bedroom,"Answer: The kitchen

Question: What is the kitchen",What is the hallway north of?
508,bathroom,"Answer: The garden north of the kitchen.

Question",What is the garden north of?
509,office,"Hallway

Context: The bathroom is east of the",What is the hallway east of?
510,kitchen,Answer: The kitchen,What is south of the bedroom?
511,hallway,Hint: The office is east of the garden.,What is the office east of?
512,hallway,Hint: The garden is north of the bedroom.,What is the garden north of?
513,garden,"Answer: The garden.

Question: What is north",What is north of the office?
514,garden,"Answer: The kitchen

Got other questions to answer?",What is the hallway north of?
515,bathroom,"Question: What is the office south of?

Question:",What is the office north of?
516,garden,"Answer: The kitchen

Got other questions? We",What is west of the hallway?
517,office,"Answer: The kitchen

Question: What is the kitchen south",What is the bathroom south of?
518,office,Answer: The office.,What is north of the hallway?
519,hallway,"Answer: The hallway

Question: What is the truth",What is east of the bathroom?
520,bathroom,"Answer: The bathroom

Question: What is the subject",What is south of the bedroom?
521,hallway,Hint: The hallway is west of the bathroom.,What is west of the bathroom?
522,kitchen,Hint: The kitchen is north of the bedroom. Hamilcar,What is the bedroom south of?
523,garden,Hint: The bathroom is east of the bedroom.,What is west of the bedroom?
524,garden,"Answer: The kitchen

Question: What is the office",What is the office north of?
525,garden,Answer: The garden.,What is north of the bathroom?
526,office,"<answer: The office.

<context:",What is south of the garden?
527,bathroom,"<context>
The bathroom is west of the garden.",What is west of the garden?
528,garden,"Answer: The garden

Question: What is the bedroom",What is the bedroom east of?
529,hallway,Answer: The bedroom.,What is south of the office?
530,kitchen,"Answer: The bathroom.

Question: What is the",What is the garden south of?
531,hallway,"Answer: The garden.

Question: What is the",What is west of the bedroom?
532,office,"Answer: The bathroom

Question: What is the office",What is the bedroom west of?
533,kitchen,"Hint: The garden is east of the kitchen.

Previous",What is the garden east of?
534,garden,![](./images/2016-01-,What is the bedroom south of?
535,kitchen,Hint: The hallway east of is the kitchen.,What is the hallway east of?
536,garden,"Virginia Carvel

Answer: The kitchen",What is the hallway east of?
537,bedroom,"Answer: The bedroom

Give the next line,",What is the garden south of?
538,bedroom,"Answer: The bedroom.

Question: What is the",What is east of the garden?
539,kitchen,"Hallway is west of
Answer: The bedroom
Let",What is the hallway west of?
540,hallway,"Answer: The hallway

Question: What is the hallway",What is the bedroom east of?
541,hallway,"Answer: The bedroom

Question: What is the answer",What is the bathroom south of?
542,garden,"Havens
Answer: The garden

Glen",What is north of the kitchen?
543,garden,![](https://i.stack.imgur.com/6,What is east of the kitchen?
544,office,Hint: The bathroom is north of the office.,What is the bathroom north of?
545,hallway,"!
Answer: The kitchen

Question: What is the",What is the office east of?
546,hallway,"Answer: The hallway

### Useful resources",What is the bedroom east of?
547,office,![](https://i.imgur.com/000,What is north of the hallway?
548,bedroom,"Answer: The bedroom.

Question: What is the",What is west of the kitchen?
549,hallway,"Hint: The answer is in the context.

Answer",What is south of the bathroom?
550,office,Hint: It is a place where the two men can get a,What is east of the hallway?
551,bathroom,"Answer: The bedroom

Give it up!",What is the hallway east of?
552,hallway,"Answer: The hallway

Question: What was the in",What is north of the bedroom?
553,bedroom,"Answer: The bedroom

Question: What is the par",What is the garden south of?
554,office,"Answer: The hallway

Category: The Adventures of",What is south of the bedroom?
555,bathroom,Answer: The bathroom.,What is east of the garden?
556,kitchen,"Hint: The kitchen is west of the garden.

An",What is west of the garden?
557,bathroom,"Answer: The bathroom

Question: What is the name",What is the bedroom east of?
558,garden,"<context>

The office is south of the bathroom.",What is the bathroom south of?
559,kitchen,Answer: The garden is west of the Arsenal.,What is the garden west of?
560,bedroom,Answer: The kitchen is south of the bedroom.,What is the kitchen south of?
561,kitchen,Answer: The kitchen.,What is east of the office?
562,hallway,"Answer: The hallway

Give it a try.",What is west of the bathroom?
563,hallway,"A: the kitchen

Question: What is the garden east",What is the garden west of?
564,bedroom,"Ambrose Bierce
Expert Answer: The kitchen",What is the kitchen west of?
565,kitchen,Hint: The office west of is the bedroom.,What is the office west of?
566,bathroom,"Answer: The hallway

Question: What is the bathroom",What is the bedroom west of?
567,bathroom,Answer: The bathroom.,What is west of the hallway?
568,bedroom,Answer: The hallway.,What is north of the garden?
569,kitchen,"Hint: It is a very sweet-toned organ, this",What is south of the bathroom?
570,kitchen,![](https://i.imgur.com/201,What is the office east of?
571,bathroom,"Hint:
The office is north of the kitchen.",What is north of the office?
572,hallway,"HINT:



<context>

_",What is north of the office?
573,bedroom,Answer: The bedroom.,What is west of the garden?
574,office,"Answer: The bedroom

Question: What is the bedroom",What is the kitchen west of?
575,bathroom,"Answer: The bathroom

Question: What is the Dean",What is the bedroom west of?
576,office,"Answer: The kitchen

Give it up?",What is the bathroom south of?
577,hallway,Answer: The hallway,What is north of the bathroom?
578,garden,Hopefully you will now be able to answer the question.,What is the kitchen south of?
579,kitchen,"Answer: The office

Question: What is the kitchen",What is the hallway south of?
580,office,"Elizabeth had learned to give very
silvery laughs",What is the bedroom west of?
581,hallway,"Jane. So it be, Miss Eglantine; so",What is the garden east of?
582,kitchen,"I think it is the kitchen.

I think it is",What is the bedroom south of?
583,office,Hint: The hallway west of is a place in the house.,What is the hallway west of?
584,hallway,"Answer: The garden

Give it a try @",What is the bedroom north of?
585,garden,"Answer: The garden.

Question: What is the",What is west of the bedroom?
586,hallway,Hint: The hallway is south of the office.,What is south of the office?
587,kitchen,Hint: The answer is in the text.,What is south of the garden?
588,office,Answer: The bedroom east of is the kitchen.,What is the bedroom east of?
589,office,Answer: The office.,What is south of the kitchen?
590,bathroom,Hint: The kitchen is west of the office.,What is the kitchen west of?
591,hallway,"!A. The office south of the garden.
!B.",What is the office north of?
592,bathroom,Answer: The bathroom.,What is east of the kitchen?
593,office,"Answer: The kitchen

### Related questions

####",What is east of the hallway?
594,kitchen,"Answer: The kitchen

Question: What was the name",What is west of the bedroom?
595,garden,"Hint: The office west of is the bedroom.

An",What is the office west of?
596,bedroom,"Answer: The hallway.

Question: What is the",What is east of the office?
597,office,Answer: The office.,What is west of the bathroom?
598,bathroom,Answer: The garden.,What is the kitchen west of?
599,bathroom,"Answer: The bathroom

Question: What is the bathroom",What is the garden south of?
600,hallway,Answer: The hallway.,What is east of the office?
601,kitchen,"Answer: The kitchen

Question: What is the bathroom",What is the bathroom south of?
602,hallway,"Answer: The hallway

Question: What is the compar",What is north of the bedroom?
603,garden,"Answer: The garden.

Question: What is the",What is north of the office?
604,bedroom,Answer: The bedroom.,What is south of the kitchen?
605,hallway,Answer: The kitchen.,What is west of the garden?
606,office,"Answer: The bedroom

Question: What is the bedroom",What is the kitchen west of?
607,kitchen,"Answer: The kitchen

Question: What is north of",What is north of the bedroom?
608,hallway,"!
Answer: The kitchen

Give it a try",What is the bedroom south of?
609,hallway,"Hint: The answer is in the text.

Answer",What is west of the kitchen?
610,kitchen,"Harry

<context>",What is the bedroom north of?
611,office,"Harry
was the first to recover his lost senses; and",What is the bedroom north of?
612,hallway,"<context>
""I've got back again,"" said",What is east of the office?
613,hallway,Vote below to see results!,What is the office north of?
614,hallway,"Humans:
1. The hallway
2. The",What is east of the bedroom?
615,garden,"<context>

Answer: the churchyard",What is the office east of?
616,office,Answer: The office.,What is north of the bedroom?
617,kitchen,"!
Answer: The kitchen


Question: What is",What is north of the bedroom?
618,hallway,Answer: The hallway.,What is south of the office?
619,bathroom,"<context>

Answer: the kitchen

<",What is the office west of?
620,bedroom,"Haven't found the answer?
Try to search first",What is the garden east of?
621,office,"Question: What is the meaning of the sentence ""The office is",What is the kitchen south of?
622,kitchen,Hint: The office south of the office,What is the office south of?
623,garden,"Ruby Moffat
Expert Answer: The bathroom",What is north of the office?
624,bathroom,"Hint:
Answer: The bathroom",What is west of the kitchen?
625,office,"Hint: The office is east of the bedroom.

An",What is east of the bedroom?
626,office,"Answer: The bedroom

Give it up! It'",What is the garden north of?
627,bathroom,"!The bathroom

Context:",What is east of the bedroom?
628,office,"!
Answer: The office.

Give it a",What is the bathroom south of?
629,garden,"Answer: The bedroom.

Question: What is west",What is east of the kitchen?
630,bathroom,"Question: What is west of the bedroom?

Question:",What is east of the kitchen?
631,bathroom,"Answer: The bedroom

Question: What is the office",What is the office north of?
632,bathroom,Hint: The answer is in the text.,What is west of the hallway?
633,bedroom,"Answer: The garden

Give the next line,",What is the office east of?
634,bedroom,Answer: The bathroom.,What is east of the office?
635,bedroom,"Answer: The bedroom

Question: What is the name",What is the kitchen north of?
636,bedroom,"Answer: The office

Give me a list of",What is the kitchen west of?
637,kitchen,"Aggie

Give Example :

## Not",What is the garden east of?
638,kitchen,"Answer: The bedroom

Give me the answer to",What is the office east of?
639,kitchen,"Gallegher

Question: What is west of the",What is east of the bedroom?
640,bedroom,"Garden

Expert: The garden is east of the",What is the garden east of?
641,office,"Answer: The bedroom

Incorrect.",What is the hallway east of?
642,office,"!
Answer: The office.

Give it to",What is the bedroom east of?
643,garden,Answer: The garden.,What is east of the hallway?
644,garden,"Answer: The bedroom

Question: What is the force",What is the bathroom west of?
645,office,Hint: The office is west of the hallway.,What is west of the bedroom?
646,bedroom,"!The office

Question: What is the subject of the letter",What is the hallway east of?
647,bathroom,![](https://i.imgur.com/000,What is east of the bedroom?
648,garden,Answer: The garden.,What is north of the bedroom?
649,hallway,"Answer: The garden
Long Answer: My first, loud ch",What is south of the bedroom?
650,office,"Answer: The garden
Long Answer: The garden is north of",What is the hallway north of?
651,garden,Answer: The garden,What is east of the bedroom?
652,kitchen,"Answer: The kitchen

Question: What is north of",What is south of the hallway?
653,hallway,"Answer: The hallway

Question: What is east of",What is west of the garden?
654,hallway,Answer: The hallway.,What is west of the bathroom?
655,office,"Answer: The office

Question: What is the hallway",What is the kitchen west of?
656,bedroom,"Hitt
Answer: The bedroom

Give me",What is the garden north of?
657,kitchen,Answer: The bedroom.,What is east of the garden?
658,garden,"<answer>
The garden
</answer>",What is south of the hallway?
659,garden,"Answer: The garden.

Question: What is west",What is east of the kitchen?
660,kitchen,"Answer: The office

Give me a list of",What is the garden east of?
661,office,Context:,What is west of the bathroom?
662,bedroom,,What is south of the office?
663,bathroom,Answer: The bedroom.,What is east of the garden?
664,office,"!
Answer: The office

Write a word that means",What is the garden south of?
665,kitchen,"Answer: The kitchen

Give it a try!",What is the hallway north of?
666,garden,"Hint:
The office north of the garden is the office of",What is the office north of?
667,garden,![](https://i.imgur.com/0Y6,What is the office east of?
668,hallway,"Answer: The office

Question: What is the office",What is the garden south of?
669,hallway,"Humans: 1

## Book Details",What is north of the garden?
670,bathroom,"Answer: The office.

Incorrect but relevant answer",What is west of the garden?
671,garden,"Answer: The garden

Question: What is the meaning",What is east of the bedroom?
672,kitchen,"Answer: The kitchen

Question: What is the kitchen",What is the garden north of?
673,kitchen,"Question: What is the bathroom north of?

Question:",What is the garden south of?
674,kitchen,Eli and Arne walk together along the road to the par,What is the bedroom west of?
675,bedroom,Vote below to see results!,What is the garden west of?
676,garden,"Eglantine
Answer: The garden.

Got",What is north of the kitchen?
677,bedroom,"Hint: The answer is a place.

Answer:",What is north of the bathroom?
678,garden,"Grant, as you
say, of course. A Heaven",What is the bedroom south of?
679,office,"Question: What is the use of scaring the boy, Blue",What is south of the bedroom?
680,hallway,Hint: The answer is a flavor of soda water.,What is east of the office?
681,office,"Answer: The office.

Question: What is north",What is south of the kitchen?
682,garden,"Hint: The hallway is south of the bathroom.

An",What is the hallway south of?
683,office,Question: What is the significance of the dog's foot?,What is north of the hallway?
684,office,"Answer: The office

Give me a context for",What is the hallway east of?
685,garden,Answer: The kitchen.,What is east of the bathroom?
686,hallway,"Answer: The hallway.

Question: What is the",What is east of the office?
687,office,Answer: The office.,What is west of the bathroom?
688,kitchen,"Answer: The kitchen

Keywords: north, garden",What is north of the garden?
689,bedroom,"Geert

Answer: The bedroom.

Ex",What is north of the bathroom?
690,office,"Answer: The office.

Question: What is the",What is south of the garden?
691,bathroom,"Answer: The bathroom.

Give me the answer",What is south of the kitchen?
692,garden,"Answer: The kitchen

Question: What is east of",What is west of the bathroom?
693,kitchen,"Answer: The bedroom

Question: What is the date",What is the hallway south of?
694,office,"Hindenlang
Explanation: The hallway is east of",What is west of the bedroom?
695,office,"Question: What is the bedroom east of?

Question:",What is the bathroom west of?
696,kitchen,Hint: The office north of the bathroom is the office north of,What is the office north of?
697,bedroom,"Answer: The garden

Question: What is the garden",What is the hallway west of?
698,office,"Answer: The garden

Question: What is the office",What is the bathroom north of?
699,kitchen,"Answer: The kitchen

Question: What is the meaning",What is the bedroom east of?
700,office,Answer: The hallway,What is west of the kitchen?
701,office,"Answer: The kitchen.

Question: What is the",What is east of the bedroom?
702,bedroom,Answer: The hallway.,What is north of the kitchen?
703,bedroom,"!
Answer: The bedroom.

Give it up",What is south of the office?
704,bedroom,"Hint: The answer is in the context.

Answer",What is east of the kitchen?
705,hallway,Hint: The answer is in the text.,What is east of the office?
706,kitchen,Hint: The answer is in the text.,What is north of the garden?
707,hallway,"Answer: The office north of

Question: What is",What is the office south of?
708,garden,"!Hallway west of the kitchen

<context>",What is the hallway west of?
709,office,"Hanspeter
Expert Answer: The hallway is north",What is the hallway north of?
710,bathroom,"Question: What is north of the kitchen?

Question:",What is north of the kitchen?
711,bathroom,"!
Answer: The bathroom.

Question: What is",What is the office east of?
712,garden,"Answer: The garden

Question: What is the answer",What is the bathroom south of?
713,hallway,"Hint:
The answer is in the text.",What is the bedroom north of?
714,bedroom,"Answer: The bedroom


<context>",What is east of the office?
715,bedroom,Hint: The garden south of the bedroom is north of the garden,What is the garden south of?
716,bathroom,"Answer: The bathroom

Question: What is the name",What is north of the hallway?
717,garden,"Answer: The garden

Give it a try!",What is the hallway east of?
718,kitchen,"Virginia

Virginia

V",What is west of the hallway?
719,garden,"Virginia

<context>:

""I",What is west of the bathroom?
720,hallway,"Context:

The white men peered from among the oil",What is north of the bathroom?
721,hallway,"<context>

Answer: The hallway

<",What is south of the kitchen?
722,kitchen,Answer: The kitchen.,What is south of the hallway?
723,hallway,"Answer: the bedroom

Garden answer to ""What",What is the garden west of?
724,bedroom,"Answer: The bedroom

Give me a line:",What is east of the hallway?
725,hallway,"Answer: the mausoleum

Source: The",What is the kitchen south of?
726,bedroom,"Answer: The bedroom

Question: What is the office",What is the hallway north of?
727,kitchen,"Answer: The office

Give me a context for",What is the bathroom west of?
728,hallway,Answer: The office.,What is south of the garden?
729,bedroom,"Answer: The bedroom

Give a price for this book",What is east of the garden?
730,bedroom,Answer: The bathroom,What is south of the office?
731,bedroom,"Hint:
The answer is a 1920s",What is north of the bathroom?
732,kitchen,"Answer: the kitchen

Question: What is the office",What is the office west of?
733,hallway,"Answer: The hallway.

Question: What is the",What is west of the garden?
734,bathroom,"Answer: The kitchen

Question: What is the bedroom",What is the bedroom south of?
735,kitchen,Answer: The garden.,What is north of the hallway?
736,garden,"Answer: The garden

Category: Literature",What is west of the bathroom?
737,bedroom,"Answer: The bedroom.

Question: What is the",What is west of the kitchen?
738,kitchen,Hint: The office is a room in a house.,What is the office west of?
739,garden,"Answer: Gettysburg

Question: What is the",What is the hallway south of?
740,hallway,Answer: The garden is east of the office.,What is the garden east of?
741,bathroom,"Answer: The bathroom

Give me a context for",What is the bedroom west of?
742,kitchen,"Humor: The kitchen

<context>",What is north of the bedroom?
743,bathroom,Brice's face flushed quickly with genuine shame and rem,What is west of the bedroom?
744,office,"Question: What is the hallway south of?

Question:",What is the hallway south of?
745,bathroom,"Hint: The bathroom is south of the kitchen.

Question",What is south of the kitchen?
746,garden,"Answer: The bedroom

Submission:",What is the bathroom east of?
747,garden,"Hint: The answer is in the poem.

Answer",What is east of the kitchen?
748,bedroom,"Answer: The bedroom.

Question: What is the",What is west of the office?
749,bedroom,"Answer: The kitchen

Give the correct answer and a",What is the hallway west of?
750,bedroom,"Answer: The bedroom

Question: What is the meaning",What is east of the bathroom?
751,bathroom,Answer: The office south of the bedroom is the bathroom.,What is the office south of?
752,office,Answer: The office.,What is east of the kitchen?
753,bedroom,Answer: The bathroom.,What is north of the garden?
754,bathroom,"Answer: The bathroom.

Question: What is west",What is west of the bedroom?
755,kitchen,"House: The kitchen

Distractors: The bathroom",What is north of the hallway?
756,kitchen,"Vice President:

<context:

Vice",What is the hallway west of?
757,kitchen,"Virginia

<context>

""I",What is the bathroom east of?
758,bathroom,Given: The bathroom is east of the office.,What is the office west of?
759,bathroom,"Answer: The office

Question: What is the meaning",What is the kitchen east of?
760,garden,Answer: The garden.,What is north of the bedroom?
761,bedroom,"Answer: The bedroom

### Related questions

####",What is the garden west of?
762,kitchen,"!The kitchen

Context: The kitchen is south of the hallway",What is south of the hallway?
763,office,"Answer: The office

Question: What is the office",What is the garden north of?
764,hallway,![](https://i.imgur.com/000,What is the bathroom north of?
765,hallway,"Harry

Question: What is north of the bedroom?",What is south of the bedroom?
766,bedroom,"!
Answer: The bedroom


Question: What is",What is the garden east of?
767,hallway,"Answer: The kitchen

Question: What is the kitchen",What is the bedroom north of?
768,bathroom,"Hint: The garden is east of the bathroom.

An",What is west of the garden?
769,hallway,"Answer: The second church

Question: What is the",What is the kitchen east of?
770,office,"Jose awoke, conscious that he was not alone.",What is west of the hallway?
771,bathroom,"Answer: The bathroom

Question: What is the bathroom",What is the garden south of?
772,garden,"Answer: The office north of the bedroom.

Question",What is the office north of?
773,office,"!bathroom

<context>
The _jemad",What is the bathroom south of?
774,bathroom,"Question: What is the bathroom?

Question: What is",What is east of the garden?
775,bathroom,"Answer: The bathroom

Question: What is south of",What is south of the kitchen?
776,kitchen,"Answer: The kitchen

Give it up.",What is west of the bathroom?
777,office,![](https://i.imgur.com/000,What is the garden north of?
778,hallway,!A. The hallway.,What is north of the office?
779,bathroom,Hint: The answer is in the last sentence.,What is the bedroom south of?
780,hallway,"Hint: The answer is a star.

<context>",What is north of the bathroom?
781,kitchen,"Answer: The kitchen


Question: What is the",What is the bathroom east of?
782,hallway,Hint: The bathroom is west of the garden.,What is the bathroom west of?
783,garden,Answer: The bedroom,What is the bathroom north of?
784,bathroom,"Hint: The kitchen is north of the hallway.

An",What is the kitchen north of?
785,hallway,"Answer: the office

Question: What is the hallway",What is the garden north of?
786,hallway,Answer: The kitchen,What is north of the garden?
787,bathroom,Hint: The bedroom is west of the garden.,What is west of the bedroom?
788,kitchen,"!
Answers: The kitchen

Correct option:",What is the bedroom north of?
789,office,"Hint: The bedroom is north of the kitchen.

<",What is the bedroom north of?
790,bedroom,"Answer: The hallway

Give me a list of",What is the kitchen east of?
791,hallway,"Eily O'Connor
Explanation: The office",What is south of the bathroom?
792,kitchen,"Answer: The kitchen.

Give your answer here",What is west of the hallway?
793,kitchen,"Garden

Got it!

## Make a",What is the garden north of?
794,office,"Answer: The office.

Question: What is the",What is west of the bathroom?
795,bathroom,Answer: The bathroom.,What is the office north of?
796,garden,"Answer: The bedroom

Question: What is the garden",What is the bathroom east of?
797,kitchen,Answer: The bedroom is west of the garden.,What is the garden west of?
798,bedroom,"Answer: The garden north of the bedroom.

Question",What is the garden north of?
799,hallway,"Answer: The bathroom

Question: What is the hallway",What is the garden west of?
800,kitchen,Answer: The office is north of the kitchen.,What is the office north of?
801,office,"Answer: The hallway

Keywords: west, kitchen",What is west of the kitchen?
802,kitchen,"Hence
Answers and Views:

Question",What is the hallway west of?
803,kitchen,"Answer: The kitchen

Question: What is the name",What is south of the office?
804,office,"Answer: The Deanery

Question: What is the hallway",What is the hallway north of?
805,garden,"Paul's Answer
Answer the question",What is east of the kitchen?
806,hallway,"Pauline
Answer: The kitchen.

Question:",What is east of the garden?
807,hallway,"Answer: The bathroom

Give me a break.",What is the bedroom south of?
808,garden,Answer: The bathroom.,What is east of the hallway?
809,hallway,"Answer: The office

Give me a list of",What is the bedroom east of?
810,hallway,"Answer: The sick bay.

Question: What is",What is east of the office?
811,bathroom,"!Bathroom

Given /Bathroom/ is",What is the office north of?
812,kitchen,Hint: The garden south of is a place.,What is the garden south of?
813,bathroom,Hint: The garden north of the bathroom is south of the bedroom,What is the garden north of?
814,bedroom,Answer: The garden.,What is west of the kitchen?
815,office,"Harry

Explanation: The kitchen is west of",What is the kitchen west of?
816,hallway,"Harry Potter and the Chamber of Secrets

H",What is north of the kitchen?
817,garden,"Answer: The garden

Question: What is the name",What is north of the bathroom?
818,bedroom,"Ambrose Bierce
Expert Answer: The kitchen",What is the kitchen north of?
819,bedroom,"Answer: The bedroom.

Question: What is north",What is south of the bathroom?
820,kitchen,"Answer: The kitchen.

Question: What is the",What is west of the bedroom?
821,garden,"Answer: the kitchen

Question: What is the meaning",What is the bathroom west of?
822,bedroom,"Answer: The bathroom

Question: What is the kitchen",What is the kitchen south of?
823,garden,"Answer: The bathroom

Question: What is the hallway",What is the hallway west of?
824,bathroom,"Answer: The kitchen

Give it to me straight",What is west of the garden?
825,bedroom,"Answer: The bedroom.

Question: What is west",What is east of the bathroom?
826,office,"Answer: The office

Question: What is the meaning",What is the garden west of?
827,bathroom,"Answer: The bathroom.

Question: What is the",What is south of the bedroom?
828,kitchen,"Hellena

Answer: The kitchen

Question",What is east of the bedroom?
829,bedroom,"Answer: The bedroom

Question: What is the name",What is the bathroom north of?
830,hallway,Answer: The hallway.,What is south of the bedroom?
831,kitchen,"Answer: The kitchen.

Question: What is the",What is east of the hallway?
832,bathroom,Answer: The bathroom.,What is west of the office?
833,office,"Answer: The hallway

Question: What is the badge",What is the garden south of?
834,kitchen,"Answer: The kitchen

Question: What is the meaning",What is the garden east of?
835,bathroom,"Answer: The bathroom

Give me a sentence with",What is the kitchen west of?
836,bathroom,"!
Answer: The bathroom

Give 'em Hell",What is the hallway west of?
837,bathroom,"Hint: The bedroom is east of the kitchen.

An",What is the bedroom east of?
838,office,"Answer: The office

Give it a try.",What is the bedroom south of?
839,bedroom,"Answer: The bedroom.

Question: What is south",What is north of the hallway?
840,kitchen,"Maximilian Gallenofa

Answer: The",What is south of the office?
841,bedroom,"Max: The bedroom

Gabriel: The bathroom is",What is the bathroom east of?
842,bedroom,Answer: The office is south of the bedroom.,What is the office south of?
843,kitchen,"Question: What is the hallway east of?

Question:",What is the hallway west of?
844,office,Answer: The kitchen,What is east of the garden?
845,garden,"Answer: The kitchen

Question: What is the title",What is the bedroom west of?
846,bedroom,"Answer: The bedroom.

Question: What is west",What is east of the office?
847,office,"Hunt: The bathroom
Source: The Adventures of Tom",What is north of the kitchen?
848,bedroom,"Answer: The bedroom

Question: What is the bedroom",What is the bathroom north of?
849,bathroom,![](https://i.imgur.com/000,What is the hallway north of?
850,hallway,Answer: The hallway is north of the kitchen.,What is the kitchen north of?
851,hallway,Hint: The poem is about a woman who is a victim of,What is the kitchen north of?
852,garden,"Answer: The garden

Give a name: south of",What is the hallway south of?
853,bathroom,Answer: The bathroom.,What is east of the garden?
854,bathroom,"Garden
Answer: The kitchen

<context>",What is the garden west of?
855,hallway,Answer: The bedroom west of the hallway is the interior of a,What is the bedroom west of?
856,bedroom,Answer: The bedroom.,What is east of the kitchen?
857,kitchen,Answer: The bathroom.,What is east of the office?
858,garden,"Answer: The garden

Question: What is the office",What is the office east of?
859,bathroom,"Answer: The bathroom

Question: What is the office",What is the office east of?
860,bedroom,"Answer: The bedroom.

Give me answer """,What is west of the hallway?
861,office,Hilary and Patience are in the churchyard.,What is east of the bathroom?
862,bathroom,"Hilary

Answer: The hallway is north of",What is north of the garden?
863,bedroom,"Pauline
Answer: The bedroom.

Give",What is north of the garden?
864,kitchen,Answer: The bedroom.,What is west of the office?
865,hallway,"Answer: The kitchen

Keywords: bedroom south of",What is the bedroom south of?
866,hallway,"Answer: The office

Question: What is the hallway",What is the bedroom west of?
867,garden,"Answer: The garden

Question: What is the baby",What is the kitchen west of?
868,garden,"Context: Then the baby crawled up onto
his lap and",What is the kitchen east of?
869,office,"Harry Coningsby

Question: What is the reason",What is south of the garden?
870,hallway,Answer: The office is north of the garden.,What is the office north of?
871,kitchen,"Answer: The kitchen

Give it up!",What is south of the hallway?
872,garden,"Answer: The garden is north of the hallway.

G",What is the hallway south of?
873,kitchen,Answer: The kitchen,What is west of the hallway?
874,hallway,"Horace: The hallway

Schuyler: The bathroom",What is east of the garden?
875,garden,"Horace: The garden.

Question: What is east",What is west of the bedroom?
876,bathroom,Hint: The office south of the bathroom is the kitchen.,What is the office south of?
877,kitchen,"Answer: The kitchen.

Question: What is the",What is south of the bedroom?
878,bedroom,"Answer: The bedroom.

Question: What is the",What is west of the kitchen?
879,garden,"Humor:

Answer: The kitchen",What is south of the bedroom?
880,hallway,"Answer: The hallway.

Question: What is the",What is north of the kitchen?
881,bathroom,"Answer: The bathroom.

Question: What is the",What is east of the office?
882,office,"Answer: The bathroom.

Question: What is east",What is west of the garden?
883,bathroom,"Answer: The bathroom

Question: What is the difference",What is north of the garden?
884,bedroom,"Answer: The bedroom west of.

Give up?",What is the bathroom east of?
885,bathroom,"Hint: The answer is a pun.

Previous: what",What is west of the kitchen?
886,garden,"<context>

Answer: The office of the Company",What is the office west of?
887,bathroom,"Answer: The bathroom.

Question: What is south",What is north of the kitchen?
888,kitchen,Hint: The hallway is north of the office.,What is the hallway north of?
889,hallway,"Answer: The bathroom.

Question: What is the",What is the kitchen south of?
890,hallway,Answer: The hallway.,What is east of the bedroom?
891,hallway,"Answer: The hallway.

Question: What is the",What is north of the garden?
892,office,"Answer: The bedroom.

Question: What is the",What is north of the bathroom?
893,kitchen,"Answer: the bathroom

Question: What is the garden",What is the garden north of?
894,kitchen,"Answer: The kitchen.

Question: What is the",What is west of the hallway?
895,bathroom,Answer: The office is east of the hallway.,What is the office east of?
896,garden,"Hannah: The bedroom

Question: What is south",What is north of the hallway?
897,kitchen,"Answer: The kitchen

Question: What is west of",What is east of the bathroom?
898,kitchen,Answer: The kitchen.,What is south of the hallway?
899,hallway,![](https://i.imgur.com/888,What is west of the office?
900,bedroom,"! The garden

Question: What is the office south of?",What is the office north of?
901,hallway,![](./images/2016-02-,What is west of the kitchen?
902,office,"Answer: The bedroom

Question: What is the office",What is the bathroom west of?
903,garden,"!
Answer: The kitchen

Give it a vote",What is the bedroom south of?
904,kitchen,"Hint: The kitchen is west of the bathroom.

An",What is the bathroom east of?
905,office,Answer: The garden.,What is south of the bathroom?
906,kitchen,"Haven't found the answer?
Try to search first",What is the bedroom east of?
907,office,"Question: What is the office east of?

Question:",What is the hallway west of?
908,bedroom,"Question: What is the bedroom west of?

Question:",What is the office east of?
909,bathroom,"Answer: The bathroom.

Question: What is the",What is south of the bedroom?
910,bedroom,Question: What is the garden south of the bedroom?,What is the garden south of?
911,hallway,"Answer: The hallway.

Give me a list",What is north of the office?
912,kitchen,Hint: The kitchen is west of the office.,What is west of the office?
913,hallway,Hint: The kitchen is east of the garden.,What is east of the garden?
914,garden,![](https://i.imgur.com/201,What is the office north of?
915,kitchen,"Answer: The bathroom.

Question: What is the",What is the garden south of?
916,garden,Answer: The garden,What is north of the office?
917,bathroom,Answer: The hallway.,What is south of the bedroom?
918,bathroom,"!
Answer: The bathroom

Give details on the",What is east of the hallway?
919,kitchen,Answer: The kitchen.,What is west of the garden?
920,office,"!
Answer: The bedroom.

Give it a",What is the hallway north of?
921,hallway,Hint: It is a place where people go to drink.,What is north of the garden?
922,office,"Hint: The kitchen is north of the hallway.

An",What is south of the kitchen?
923,bathroom,"Answer: The kitchen

Question: What is the bathroom",What is the garden west of?
924,bathroom,"Question: What is the kitchen east of?

Question:",What is the kitchen east of?
925,garden,"Answers: the bathroom

Incorrect answers:",What is the kitchen south of?
926,hallway,"Answer: The hallway

Question: What is the hallway",What is the bathroom north of?
927,bedroom,"Answer: The bedroom

Question: What is north of",What is south of the bathroom?
928,bathroom,"Holyrood
Options:

- The bathroom
-",What is the bedroom north of?
929,kitchen,"Answer: The kitchen

Give me a break!",What is the garden north of?
930,office,"Harry
Answer: The garden north of the office is",What is the garden north of?
931,bathroom,Answer: The office.,What is south of the garden?
932,bathroom,Norcross had given a great deal of thought to the young,What is the bedroom west of?
933,hallway,"Answer: The bedroom

Give me a context for",What is west of the kitchen?
934,bedroom,"Question: What is the secret of the play?

Question",What is the garden east of?
935,office,"Answer: The office

Question: What is the kitchen north",What is the kitchen north of?
936,kitchen,"Answer: The kitchen

Give it a try! Answer",What is north of the hallway?
937,garden,"Answer: The bedroom

Question: What is the meaning",What is the kitchen north of?
938,kitchen,"Answer: The kitchen

Contributor: Lady_",What is south of the bedroom?
939,bedroom,"Leslie

Answer: The bedroom

Question:",What is the garden east of?
940,garden,Answer: The garden.,What is south of the hallway?
941,kitchen,"<context>

Answer: The kitchen

</",What is the bathroom west of?
942,office,"!
Answer: The garden

Got questions to review",What is the kitchen east of?
943,bathroom,"Hinckley Answer: The bathroom.

<context",What is east of the garden?
944,bathroom,Hint: The garden north of is the garden of .,What is the garden north of?
945,office,Hint: The garden north of the garden is a place of refuge,What is the garden north of?
946,bedroom,"Answer: The bedroom.

Question: What is the",What is north of the hallway?
947,bathroom,"Answer: The bathroom

Question: What is the bathroom",What is the kitchen north of?
948,office,"Answer: The bathroom

Question: What is the hallway",What is the hallway north of?
949,bedroom,"Answer: The office north of the garden is .

G",What is the office north of?
950,bathroom,"Answer: The bathroom

Question: What is the hallway",What is the hallway south of?
951,bathroom,"Hide options:

### Options

A. The bathroom",What is the bedroom west of?
952,garden,"Hint:
The answer is in the text.",What is east of the bathroom?
953,garden,"Hint:
Answer: The office north of the meadow",What is the office north of?
954,kitchen,Answer: The kitchen.,What is north of the office?
955,office,"Hunter

Gatherer

## Choose the correct",What is east of the hallway?
956,hallway,"Answer: The garden

Keywords: office, east",What is the office east of?
957,kitchen,"Answer: The kitchen

Got a question to ask",What is the garden east of?
958,office,Answer: The bathroom.,What is north of the garden?
959,office,"!A. The kitchen
!B. The dining room
!",What is the bedroom west of?
960,garden,"Answer: The garden

Question: What is the translation",What is north of the kitchen?
961,bedroom,"Answer: The bedroom

Give the Answer
M",What is the garden east of?
962,kitchen,Hint: The answer is in the text.,What is east of the office?
963,garden,,What is the kitchen east of?
964,bathroom,"Happy reading!
Question: What is the hallway south of?",What is the hallway south of?
965,garden,Hint: The bedroom south of the garden.,What is the bedroom south of?
966,bathroom,"Answer: The bathroom

Question: What is west of",What is west of the garden?
967,kitchen,"Answer: The kitchen

Category: Literature",What is east of the office?
968,office,"Answer: the bedroom

Question: What is the bedroom",What is the garden south of?
969,office,"Hallway

Question: What is the hallway west of",What is the hallway west of?
970,bathroom,"Haven't found the answer?
Try to search other",What is east of the garden?
971,garden,Answer: The hallway is east of the bathroom.,What is the hallway east of?
972,garden,Prediction: An answer to this question is available in some other,What is the kitchen east of?
973,kitchen,Answer: The kitchen.,What is north of the hallway?
974,kitchen,"Answer: The bathroom

Question: What is the Dean",What is west of the hallway?
975,bathroom,Answer: The bathroom.,What is south of the bedroom?
976,bedroom,"Hint: The kitchen is south of the bathroom.

An",What is the kitchen south of?
977,bathroom,"Hint: The Kaessaria, or

Answer:",What is west of the bedroom?
978,office,"Hint: The hallway is west of the garden.

An",What is west of the hallway?
979,kitchen,"Answer: The kitchen

Question: What is west of",What is east of the hallway?
980,garden,Answer: The garden.,What is north of the office?
981,bedroom,"Answer: The summer house.

Question: What is",What is north of the garden?
982,bathroom,"Answer: The kitchen

Question: What is the name",What is the bedroom south of?
983,hallway,Question: What is the secret of self-possession?,What is north of the office?
984,hallway,"Answer: The hallway

Question: What is north of",What is south of the bathroom?
985,office,"Answer: The kitchen

Question: What is the office",What is the bedroom west of?
986,kitchen,"Answer: The kitchen

Question: What is the meaning",What is the garden south of?
987,hallway,"<context:
  The garden is west of the house.",What is the garden west of?
988,office,"Answer: The office

Category: Literature",What is west of the hallway?
989,hallway,"Answer: The bedroom

Give it a try. It",What is the office west of?
990,bedroom,"Answer: The bedroom

Give me a context for",What is the hallway east of?
991,bedroom,"Answer: The kitchen

Question: What is the hallway",What is the hallway south of?
992,hallway,Answer: The bedroom.,What is the garden east of?
993,bedroom,"Answer: The bathroom

Question: What is the hallway",What is the hallway north of?
994,hallway,Answer: The hallway.,What is east of the bedroom?
995,hallway,"Answer: The hallway.

Question: What is the",What is west of the bathroom?
996,kitchen,"Answer: The kitchen.

Question: What is the",What is north of the garden?
997,kitchen,Answer: The kitchen.,What is west of the bedroom?
998,kitchen,Answer: The kitchen.,What is north of the bedroom?
